1	469
7	420
12	470
18	489
19	420
20	489
21	467
25	467
31	489
32	489
37	489
38	470
46	489
50	489
52	470
55	420
57	489
60	470
61	489
66	489
68	489
70	466
74	489
75	467
79	466
81	467
83	489
88	472
96	489
97	489
108	469
124	467
125	489
127	472
128	489
133	489
142	489
145	489
152	489
155	489
158	489
159	489
166	35
174	489
175	470
181	473
182	468
183	469
184	489
199	489
200	489
213	420
231	489
241	489
249	473
254	219
261	489
262	489
263	489
265	489
272	489
275	489
295	489
301	489
304	489
305	220
306	489
310	489
321	467
322	489
323	489
334	468
336	466
337	489
341	489
347	489
348	489
351	489
356	489
357	489
358	489
366	489
381	467
382	489
386	489
387	489
391	467
392	489
394	97
394	98
396	467
401	489
402	489
404	420
405	489
415	466
417	489
418	469
421	489
425	489
427	489
430	489
434	420
435	489
445	489
451	489
455	489
459	489
465	420
475	467
476	420
478	489
485	470
489	472
491	489
493	466
496	489
498	489
499	489
506	489
510	489
522	219
522	220
522	212
522	606
522	478
522	96
522	97
527	489
529	489
536	489
541	489
548	489
549	489
555	489
556	489
561	467
562	489
563	489
567	467
569	469
570	489
572	489
575	489
576	489
578	489
587	489
589	489
592	489
600	489
601	489
604	489
606	489
614	467
620	467
626	489
627	467
633	467
643	489
651	467
652	489
654	469
655	469
660	219
665	489
668	376
670	467
671	420
674	470
681	489
685	489
695	489
707	489
710	470
714	489
718	489
720	489
721	420
727	467
735	420
741	120
742	466
743	489
745	420
749	467
750	467
753	489
780	489
781	489
782	420
783	315
784	489
787	489
795	489
797	470
812	489
813	473
814	420
819	489
821	420
826	57
828	489
829	467
830	467
838	489
843	489
845	467
851	489
857	467
859	489
863	467
866	489
867	489
870	489
883	489
891	489
894	466
896	467
897	467
903	489
906	420
914	470
917	467
919	467
921	489
924	470
927	489
928	489
932	420
935	489
940	489
948	470
949	489
952	489
953	467
957	470
962	466
973	489
979	489
982	467
984	489
986	489
987	489
992	469
1002	467
1009	489
1011	489
1012	489
1034	470
1040	489
1042	467
1045	489
1048	489
1055	470
1057	489
1058	420
1059	489
1061	489
1066	469
1073	489
1075	420
1085	489
1090	467
1097	489
1124	120
1127	472
1128	382
1131	467
1132	469
1134	467
1137	470
1140	489
1141	489
1145	489
1146	489
1148	467
1157	489
1160	120
1161	489
1163	489
1172	489
1178	145
1192	489
1193	470
1196	489
1198	467
1199	469
1201	467
1202	420
1204	489
1205	467
1207	470
1212	100
1214	469
1226	219
1227	489
1240	219
1242	489
1252	420
1258	467
1262	489
1265	489
1269	468
1270	420
1275	467
1280	411
1282	489
1285	489
1286	467
1295	84
1296	489
1297	163
1305	489
1306	489
1308	489
1309	467
1311	489
1316	489
1319	489
1323	489
1328	467
1347	489
1348	489
1359	122
1377	467
1382	469
1390	489
1392	489
1396	420
1412	420
1415	470
1420	469
1428	472
1450	470
1452	489
1454	299
1460	420
1461	466
1462	489
1466	219
1468	489
1470	489
1482	420
1487	467
1489	467
1491	420
1492	489
1493	489
1497	489
1498	470
1499	467
1502	469
1504	489
1505	489
1509	489
1520	120
1524	489
1527	467
1535	470
1539	489
1541	489
1542	420
1543	467
1549	489
1550	489
1551	489
1556	489
1559	489
1562	470
1568	467
1577	489
1579	467
1581	489
1583	469
1596	489
1597	420
1601	489
1604	469
1605	467
1612	469
1619	467
1620	489
1624	489
1625	489
1630	311
1631	489
1640	489
1649	420
1657	472
1658	489
1659	489
1660	489
1661	489
1667	489
1670	489
1671	489
1682	469
1686	420
1689	489
1690	489
1697	467
1704	489
1706	489
1718	489
1720	489
1726	489
1732	470
1735	489
1736	489
1739	409
1740	467
1742	489
1743	489
1747	489
1750	467
1753	489
1767	489
1768	489
1771	467
1780	489
1782	489
1792	489
1796	489
1802	371
1802	375
1802	376
1802	377
1802	380
1802	381
1802	382
1802	402
1802	405
1802	406
1802	407
1802	408
1802	409
1802	411
1807	489
1808	489
1813	489
1831	489
1834	489
1835	489
1836	467
1837	489
1847	489
1848	469
1848	470
1848	471
1861	489
1862	489
1869	469
1872	489
1875	120
1877	489
1878	489
1883	420
1884	122
1885	489
1886	489
1888	489
1894	467
1895	471
1895	470
1895	212
1900	411
1901	466
1903	489
1904	420
1907	489
1908	467
1909	489
1912	489
1917	467
1919	489
1932	489
1934	489
1939	489
1947	470
1948	467
1950	489
1952	489
1958	420
1964	489
1969	445
1982	489
1986	489
1990	467
1996	489
1997	420
2013	489
2015	489
2017	420
2022	489
2024	467
2037	489
2041	489
2048	473
2053	489
2054	489
2056	489
2057	489
2058	489
2063	467
2066	489
2069	489
2070	489
2078	420
2081	489
2083	489
2086	489
2087	489
2092	489
2098	489
2099	467
2117	489
2120	489
2121	420
2122	467
2126	489
2128	467
2129	489
2132	311
2133	470
2139	489
2144	489
2150	420
2154	489
2158	489
2159	489
2162	469
2168	489
2170	489
2171	470
2175	489
2176	489
2177	466
2183	489
2195	466
2196	489
2202	489
2203	467
2209	489
2212	489
2214	420
2217	420
2228	467
2240	467
2247	489
2248	489
2250	489
2251	489
2253	489
2254	489
2257	489
2259	489
2261	489
2265	489
2266	489
2271	489
2275	470
2276	469
2281	489
2294	489
2298	489
2310	489
2312	489
2315	489
2318	420
2325	489
2328	469
2329	489
2334	489
2356	467
2357	467
2359	467
2362	489
2364	489
2365	467
2374	489
2379	489
2380	489
2381	489
2386	469
2387	489
2393	467
2398	467
2404	467
2418	489
2421	467
2422	467
2429	489
2433	489
2435	489
2439	489
2442	489
2443	489
2444	220
2449	420
2452	489
2453	489
2454	489
2457	489
2459	489
2461	467
2462	489
2467	420
2473	489
2482	489
2493	100
2495	420
2500	489
2503	489
2504	489
2509	469
2511	489
2512	489
2526	489
2529	489
2531	489
2540	420
2546	469
2547	489
2550	489
2556	489
2560	470
2565	489
2568	489
2572	489
2573	467
2576	420
2577	489
2580	469
2589	467
2604	489
2605	467
2610	489
2611	489
2613	489
2621	489
2628	467
2629	489
2630	467
2631	469
2640	469
2643	489
2648	489
2654	489
2656	489
2657	489
2658	489
2660	471
2660	472
2661	489
2662	420
2674	489
2676	470
2679	489
2681	489
2684	489
2688	489
2690	420
2691	489
2694	489
2700	489
2701	467
2708	489
2709	489
2710	489
2718	489
2719	467
2720	469
2738	489
2742	420
2743	420
2744	489
2747	489
2750	470
2751	489
2754	489
2762	420
2766	489
2767	473
2774	489
2777	470
2778	471
2780	489
2785	489
2790	489
2794	489
2795	212
2795	469
2795	470
2795	471
2795	472
2799	489
2801	420
2802	489
2805	470
2813	489
2815	380
2816	471
2816	472
2820	489
2821	489
2826	489
2829	57
2836	489
2840	489
2841	489
2847	467
2854	489
2856	489
2859	489
2860	489
2865	489
2867	489
2868	489
2869	489
2871	489
2874	489
2877	466
2880	489
2882	469
2887	489
2889	489
2894	489
2896	489
2904	489
2906	489
2911	489
2915	489
2916	467
2918	489
2921	470
2926	467
2927	472
2931	489
2932	489
2933	489
2935	375
2935	376
2935	377
2935	380
2935	381
2935	402
2935	405
2935	408
2935	409
2943	411
2945	489
2951	489
2952	408
2952	409
2952	411
2952	412
2952	415
2952	420
2952	422
2953	489
2966	489
2967	420
2969	466
2975	489
2978	489
2979	489
2980	470
2980	472
2982	489
2985	420
2994	469
3004	469
3009	489
3021	489
3022	466
3031	469
3035	470
3042	489
3043	489
3050	323
3051	489
3068	489
3069	420
3071	120
3074	467
3088	420
3089	489
3099	227
3102	489
3106	489
3108	489
3114	489
3116	467
3120	467
3122	420
3124	467
3129	420
3134	489
3135	467
3136	489
3139	489
3140	489
3143	489
3157	466
3158	469
3167	420
3172	489
3177	489
3184	467
3196	467
3202	489
3203	489
3206	467
3208	489
3210	467
3214	469
3225	489
3228	467
3230	420
3234	489
3239	489
3242	489
3245	420
3254	489
3260	469
3261	467
3263	489
3268	420
3276	467
3278	466
3283	420
3285	489
3290	489
3295	489
3313	469
3316	467
3317	470
3320	420
3323	489
3325	467
3326	489
3327	467
3334	489
3339	299
3344	489
3345	489
3349	469
3350	469
3351	489
3353	489
3358	467
3366	489
3373	468
3377	466
3388	467
3390	469
3393	489
3406	489
3408	466
3411	489
3413	420
3422	469
3424	489
3427	489
3428	467
3430	184
3439	489
3441	489
3442	467
3454	489
3455	489
3458	489
3464	489
3465	489
3467	472
3479	470
3480	489
3481	470
3483	489
3486	318
3489	472
3489	84
3489	220
3489	225
3496	489
3498	470
3503	467
3505	489
3508	467
3509	471
3516	489
3532	489
3534	470
3537	219
3539	489
3545	489
3548	472
3549	489
3557	489
3563	489
3567	489
3569	467
3570	489
3575	489
3582	468
3594	489
3597	467
3607	469
3610	489
3613	489
3622	465
3622	472
3622	103
3622	488
3652	468
3655	489
3657	489
3660	489
3662	472
3670	469
3677	489
3682	489
3689	489
3690	489
3700	489
3703	489
3709	467
3711	489
3718	489
3720	489
3721	420
3733	489
3734	467
3736	120
3738	489
3742	120
3743	470
3752	489
3754	470
3756	489
3766	469
3772	489
3773	466
3782	489
3783	489
3787	489
3794	489
3807	467
3813	212
3817	468
3820	219
3821	489
3828	489
3830	489
3837	467
3842	489
3843	489
3846	489
3850	489
3864	489
3869	469
3881	489
3888	489
3896	473
3904	469
3906	420
3915	467
3918	420
3935	489
3936	489
3937	468
3940	472
3949	489
3953	467
3955	489
3958	469
3963	489
3964	470
3968	489
3969	382
3976	467
3982	489
3990	467
3995	470
3997	420
4003	470
4008	489
4018	489
4024	489
4025	467
4032	470
4039	489
4049	489
4056	489
4063	489
4064	468
4083	420
4092	489
4095	489
4111	120
4119	489
4124	489
4130	489
4137	489
4142	470
4143	466
4144	466
4152	420
4156	469
4162	467
4163	489
4169	420
4182	489
4183	489
4188	469
4192	489
4193	489
4201	470
4204	469
4213	489
4216	489
4218	470
4220	57
4221	489
4230	489
4234	489
4243	489
4246	489
4249	469
4250	467
4251	467
4253	469
4254	489
4257	489
4276	420
4281	489
4284	469
4290	469
4297	466
4298	473
4300	489
4305	467
4308	420
4316	467
4317	489
4323	489
4326	470
4332	420
4337	466
4344	420
4350	489
4351	468
4365	420
4372	489
4381	489
4383	489
4389	467
4390	489
4394	549
4399	469
4400	469
4404	467
4407	489
4410	469
4412	467
4413	219
4428	489
4430	489
4431	466
4433	489
4435	420
4444	489
4446	489
4452	382
4452	402
4452	405
4452	408
4452	409
4452	411
4452	412
4452	415
4453	470
4462	469
4464	489
4466	467
4470	489
4478	420
4483	489
4484	469
4494	467
4495	386
4496	420
4501	489
4505	120
4506	219
4507	489
4509	489
4510	420
4512	489
4516	489
4523	489
4524	489
4525	489
4530	467
4535	489
4549	489
4552	489
4556	489
4560	489
4567	489
4573	489
4583	489
4585	466
4586	489
4592	489
4600	470
4601	489
4602	420
4603	489
4607	489
4611	489
4613	469
4614	470
4616	489
4617	467
4622	467
4641	420
4642	489
4651	472
4653	489
4657	489
4659	220
4660	420
4667	489
4668	467
4672	489
4674	489
4677	420
4681	489
4685	318
4686	489
4689	489
4698	420
4703	468
4705	469
4710	470
4715	311
4721	420
4722	489
4725	489
4726	489
4727	467
4734	469
4740	489
4748	420
4754	120
4757	420
4759	467
4761	489
4764	470
4769	489
4770	489
4772	420
4775	469
4776	470
4783	420
4784	489
4786	489
4792	467
4804	489
4817	120
4818	489
4828	489
4839	469
4842	219
4844	467
4845	489
4846	489
4847	489
4851	120
4852	469
4853	489
4854	489
4861	489
4865	420
4872	466
4873	489
4876	489
4880	489
4886	467
4887	470
4890	489
4908	489
4912	489
4921	120
4929	489
4931	420
4935	364
4943	420
4948	120
4957	470
4962	489
4969	489
4979	469
4981	489
4991	489
4992	489
4996	420
4998	489
5007	489
5013	467
5020	420
5025	467
5027	489
5029	420
5031	489
5035	489
5039	473
5045	489
5047	489
5048	489
5055	489
5056	467
5061	467
5065	489
5068	467
5069	489
5072	469
5082	489
5083	489
5090	489
5100	469
5103	489
5105	473
5113	489
5114	467
5116	489
5118	489
5119	489
5120	469
5121	489
5122	227
5124	470
5126	489
5135	489
5136	489
5137	489
5143	489
5144	466
5146	470
5152	470
5154	470
5155	489
5163	489
5165	489
5171	420
5179	489
5180	467
5184	469
5187	489
5196	489
5200	382
5208	489
5210	489
5211	470
5221	466
5223	420
5226	489
5227	489
5228	489
5230	467
5231	489
5234	489
5237	470
5238	489
5241	469
5242	469
5243	489
5245	467
5247	469
5255	467
5256	470
5258	489
5263	489
5265	489
5271	489
5282	420
5295	489
5296	489
5297	469
5299	489
5300	489
5314	489
5315	489
5317	489
5320	420
5321	468
5323	420
5325	420
5327	489
5332	103
5332	489
5340	467
5345	489
5348	120
5350	469
5351	489
5353	489
5366	489
5368	489
5373	489
5380	468
5389	467
5398	364
5399	466
5401	472
5402	489
5405	489
5407	489
5408	467
5409	489
5411	469
5412	467
5415	470
5419	489
5421	489
5422	467
5437	489
5447	489
5448	420
5450	420
5452	467
5458	467
5460	489
5462	489
5464	489
5471	489
5474	467
5483	382
5487	489
5496	489
5499	420
5500	489
5504	489
5508	489
5509	489
5510	489
5513	489
5524	466
5529	489
5530	382
5531	489
5535	467
5537	489
5538	420
5544	489
5546	489
5547	489
5549	420
5550	420
5557	467
5565	489
5566	470
5569	472
5575	470
5576	489
5583	420
5584	466
5588	466
5590	489
5591	470
5594	469
5595	489
5600	467
5609	489
5613	489
5616	470
5618	489
5622	489
5624	489
5645	472
5653	489
5654	489
5655	467
5656	489
5669	420
5675	489
5681	489
5687	469
5702	489
5704	420
5705	489
5706	420
5713	466
5714	489
5726	489
5731	489
5735	489
5747	489
5748	466
5749	489
5754	467
5758	469
5760	489
5762	466
5767	489
5770	467
5776	489
5782	467
5786	489
5799	467
5805	470
5812	489
5815	489
5819	489
5827	469
5828	469
5845	489
5849	489
5850	120
5851	420
5857	466
5858	489
5859	489
5869	489
5874	467
5882	489
5883	470
5890	420
5892	489
5893	489
5894	489
5895	420
5901	470
5912	467
5913	489
5917	467
5918	489
5921	489
5931	489
5933	489
5940	489
5943	469
5945	489
5949	219
5954	489
5955	489
5961	467
5964	466
5965	489
5966	467
5969	489
5975	489
5977	489
5982	411
5983	489
5985	97
5991	467
5998	489
6003	467
6005	489
6008	489
6010	470
6011	467
6012	489
6013	489
6019	489
6020	375
6021	489
6027	467
6031	420
6034	489
6037	489
6044	489
6051	469
6068	489
6070	489
6075	470
6077	470
6077	472
6078	382
6080	489
6089	145
6092	467
6100	420
6106	489
6109	420
6110	489
6112	489
6114	468
6122	467
6123	489
6125	467
6134	420
6135	469
6138	489
6141	489
6146	489
6150	122
6151	489
6153	468
6155	467
6160	420
6162	489
6163	489
6164	489
6166	489
6168	489
6178	489
6179	420
6181	489
6184	467
6192	489
6195	467
6198	489
6205	420
6210	489
6217	489
6218	467
6219	489
6222	489
6224	470
6225	466
6234	489
6236	472
6240	420
6241	489
6242	489
6249	468
6258	467
6262	489
6277	470
6281	470
6284	489
6285	466
6303	466
6307	489
6323	219
6327	489
6329	470
6330	489
6331	120
6332	489
6333	489
6334	120
6346	466
6347	466
6353	467
6355	468
6370	467
6376	489
6380	469
6381	489
6382	467
6383	489
6385	470
6389	489
6391	489
6392	466
6398	489
6399	489
6403	489
6405	489
6412	467
6416	489
6418	489
6419	489
6423	489
6429	489
6431	467
6448	489
6449	246
6462	420
6467	489
6476	489
6478	489
6486	469
6489	489
6490	489
6491	470
6492	420
6498	489
6499	489
6503	467
6505	489
6511	489
6515	489
6520	489
6524	489
6532	489
6547	420
6550	470
6551	489
6552	489
6553	470
6557	489
6567	219
6584	489
6595	120
6596	489
6602	467
6605	470
6606	470
6608	467
6609	467
6611	489
6613	411
6619	489
6627	489
6629	469
6647	489
6649	120
6650	489
6658	467
6664	489
6674	470
6676	466
6677	467
6683	120
6684	489
6690	469
6691	219
6693	467
6694	489
6698	467
6704	420
6712	489
6716	489
6718	489
6721	467
6727	489
6735	466
6736	467
6742	489
6746	489
6752	469
6759	469
6769	489
6774	467
6776	489
6780	489
6785	311
6793	489
6794	58
6800	489
6805	467
6817	467
6828	469
6832	489
6833	57
6834	489
6836	467
6837	420
6839	489
6840	219
6843	466
6844	467
6848	489
6853	489
6858	470
6860	489
6863	489
6865	420
6870	489
6874	466
6883	470
6892	467
6904	467
6908	470
6912	420
6915	469
6921	489
6923	120
6923	489
6924	489
6925	219
6927	489
6932	469
6933	489
6942	489
6943	489
6944	420
6947	489
6949	489
6950	489
6952	489
6953	489
6959	470
6963	489
6967	420
6972	489
6973	382
6974	466
6977	489
6979	467
6980	489
6982	489
6983	489
6984	489
6996	219
6997	489
6998	489
7007	467
7008	466
7009	489
7012	489
7017	489
7030	420
7032	420
7042	489
7045	489
7048	489
7049	489
7051	467
7052	489
7054	467
7059	470
7060	467
7062	489
7066	489
7072	420
7079	489
7083	489
7087	489
7092	489
7094	420
7095	469
7105	489
7106	354
7112	489
7115	471
7118	120
7121	467
7122	489
7130	470
7131	489
7139	467
7158	489
7159	489
7160	489
7166	489
7168	420
7182	472
7184	467
7186	489
7187	468
7192	489
7200	472
7203	467
7210	489
7213	489
7217	489
7222	420
7224	489
7229	489
7233	420
7234	489
7237	120
7241	120
7244	467
7245	420
7246	467
7247	489
7250	489
7252	489
7257	466
7266	473
7275	420
7279	489
7285	489
7292	489
7303	489
7308	489
7309	467
7310	411
7312	489
7319	489
7322	489
7325	468
7327	489
7328	489
7333	420
7336	471
7343	489
7344	489
7347	470
7353	470
7355	467
7357	219
7373	489
7374	420
7379	489
7380	489
7382	489
7383	470
7384	489
7386	489
7388	489
7390	420
7391	469
7392	489
7393	489
7395	489
7397	467
7398	382
7403	489
7412	489
7421	489
7425	469
7426	489
7430	489
7438	420
7439	489
7440	420
7444	468
7446	469
7448	489
7455	489
7462	469
7465	489
7468	489
7471	489
7496	467
7498	489
7511	489
7512	489
7514	489
7519	489
7521	420
7524	473
7525	467
7532	100
7538	489
7545	100
7547	489
7550	489
7553	467
7555	420
7558	467
7559	420
7565	467
7568	470
7577	466
7580	489
7587	467
7594	489
7597	467
7603	469
7608	489
7611	489
7617	489
7629	489
7632	420
7634	467
7638	489
7643	489
7647	364
7655	489
7661	489
7662	489
7664	489
7671	489
7673	467
7674	489
7679	489
7680	411
7681	489
7684	466
7689	489
7698	489
7702	420
7710	489
7723	470
7727	489
7728	489
7733	467
7737	420
7739	219
7741	489
7742	489
7751	489
7756	470
7758	489
7768	489
7770	57
7775	470
7776	470
7783	470
7790	489
7793	489
7800	470
7802	469
7803	489
7809	420
7810	489
7814	489
7816	489
7818	469
7820	489
7827	489
7833	467
7834	420
7836	467
7841	382
7846	375
7856	489
7860	489
7869	467
7871	467
7874	96
7874	489
7885	467
7897	466
7898	420
7899	470
7902	489
7903	489
7906	489
7910	489
7912	466
7918	489
7921	420
7923	469
7926	469
7928	466
7929	467
7931	489
7938	467
7939	420
7940	420
7947	467
7955	467
7965	489
7970	489
7974	420
7976	420
7979	489
7982	212
7982	472
7990	467
7995	467
8000	489
8007	489
8010	470
8013	470
8013	471
8013	216
8013	472
8013	468
8017	382
8031	467
8033	489
8034	489
8037	489
8042	470
8045	466
8047	472
8050	472
8054	489
8070	420
8071	489
8073	489
8074	469
8076	420
8077	489
8080	489
8082	120
8084	489
8096	468
8102	420
8105	489
8108	489
8118	489
8123	489
8132	470
8133	470
8140	469
8144	489
8145	145
8154	420
8158	489
8159	466
8165	420
8167	489
8173	470
8175	420
8180	489
8182	467
8183	489
8184	489
8193	489
8207	489
8212	100
8217	489
8220	109
8229	470
8231	120
8235	467
8241	420
8243	489
8244	466
8245	420
8249	489
8252	420
8273	467
8279	489
8287	489
8290	489
8292	467
8294	58
8302	489
8310	489
8312	467
8316	469
8320	489
8322	489
8323	467
8324	420
8326	489
8329	469
8338	489
8342	489
8343	470
8347	489
8352	470
8355	420
8361	319
8363	467
8365	489
8395	467
8403	489
8407	489
8409	489
8411	467
8422	489
8427	467
8433	467
8434	489
8435	489
8437	120
8440	467
8444	489
8445	489
8450	489
8454	467
8455	489
8475	489
8481	467
8482	467
8496	467
8498	466
8501	489
8504	420
8510	489
8519	420
8522	420
8524	467
8538	489
8545	163
8549	489
8550	489
8556	466
8570	470
8574	469
8582	489
8586	420
8597	467
8601	467
8602	357
8609	420
8610	466
8611	122
8612	489
8617	469
8626	466
8646	489
8649	468
8651	470
8661	420
8666	420
8669	489
8677	489
8678	489
8687	489
8688	489
8693	470
8698	489
8711	420
8713	489
8717	489
8728	420
8732	469
8748	489
8754	420
8764	467
8766	467
8772	489
8773	489
8786	489
8789	489
8794	489
8799	467
8800	420
8802	489
8805	489
8807	489
8810	489
8813	489
8820	470
8827	467
8831	451
8841	467
8842	467
8844	467
8849	467
8868	467
8869	470
8870	489
8888	467
8892	122
8895	489
8897	467
8898	489
8903	469
8912	489
8913	326
8914	489
8915	420
8919	470
8923	420
8925	489
8931	489
8948	489
8949	469
8953	467
8957	466
8958	489
8962	472
8965	489
8967	489
8970	489
8971	489
8973	467
8977	467
8984	489
8986	489
8988	466
8989	489
8993	489
8995	489
8998	470
9001	489
9003	489
9004	470
9005	470
9010	420
9017	489
9021	489
9022	467
9024	489
9025	489
9030	84
9030	468
9030	469
9030	606
9030	350
9030	97
9036	489
9038	489
9048	420
9051	489
9052	467
9053	472
9054	489
9056	467
9057	467
9058	420
9059	467
9060	420
9062	466
9068	467
9071	489
9073	489
9078	489
9079	489
9087	489
9096	489
9097	467
9098	420
9107	489
9108	467
9110	489
9114	420
9115	420
9121	489
9127	420
9133	489
9134	468
9135	466
9136	467
9137	470
9144	489
9160	489
9166	489
9179	467
9182	469
9185	489
9187	489
9188	120
9191	489
9197	471
9198	489
9199	382
9205	489
9206	420
9216	420
9218	489
9222	489
9223	469
9225	420
9226	467
9229	467
9233	420
9235	489
9240	120
9243	470
9244	489
9246	489
9267	489
9274	489
9283	470
9283	471
9285	469
9285	97
9289	489
9297	489
9298	489
9313	489
9315	489
9318	489
9327	489
9332	467
9335	219
9344	467
9348	470
9360	420
9364	469
9369	489
9371	489
9376	489
9379	489
9384	467
9386	470
9387	467
9389	489
9391	467
9394	489
9395	489
9400	411
9405	420
9407	472
9410	489
9412	120
9413	120
9414	420
9419	420
9423	467
9431	489
9433	489
9442	467
9446	467
9447	470
9454	468
9465	489
9471	472
9483	489
9488	472
9490	489
9491	467
9492	489
9494	489
9496	472
9497	489
9499	467
9503	468
9506	183
9507	489
9508	489
9515	489
9516	420
9520	489
9522	489
9523	468
9526	489
9529	489
9533	420
9534	489
9535	420
9536	489
9541	467
9542	471
9542	216
9542	472
9547	467
9549	467
9553	471
9553	96
9555	489
9560	420
9562	473
9563	360
9563	489
9565	489
9566	469
9571	489
9573	420
9575	163
9579	489
9580	489
9582	489
9583	377
9585	420
9586	183
9588	120
9589	364
9591	489
9592	489
9594	467
9596	467
9598	489
9604	489
9605	489
9616	469
9624	420
9625	489
9628	163
9630	489
9634	467
9642	420
9645	467
9658	411
9667	469
9679	469
9686	489
9688	420
9694	489
9703	489
9714	466
9716	489
9726	470
9727	467
9734	467
9736	489
9739	489
9747	467
9748	489
9750	489
9751	84
9751	468
9753	467
9756	470
9774	469
9780	377
9780	380
9780	381
9780	382
9780	402
9780	403
9780	405
9780	408
9780	409
9780	411
9780	412
9781	489
9782	120
9784	469
9788	470
9797	470
9801	489
9813	489
9816	489
9817	489
9820	489
9821	466
9826	489
9827	489
9833	489
9835	489
9838	489
9839	489
9841	466
9846	420
9852	489
9857	489
9861	489
9880	360
9880	489
9881	489
9889	420
9892	489
9896	489
9898	489
9899	467
9902	489
9910	489
9912	489
9916	489
9925	467
9927	489
9932	489
9935	489
9946	489
9956	489
9961	469
9962	468
9963	489
9965	489
9967	470
9972	489
9975	467
9981	411
9983	489
9984	489
9990	489
9995	489
9999	489
10001	489
10003	420
10008	489
10009	489
10012	489
10013	489
10018	489
10020	489
10025	489
10027	469
10028	470
10029	489
10032	489
10036	489
10041	489
10051	489
10053	489
10055	489
10061	489
10066	489
10070	489
10071	489
10076	489
10077	489
10081	469
10081	470
10082	489
10084	467
10095	469
10096	469
10102	489
10104	470
10112	489
10125	489
10127	183
10128	489
10129	489
10133	489
10134	489
10135	489
10138	489
10139	489
10140	467
10142	489
10144	489
10145	489
10148	489
10152	489
10160	489
10161	420
10162	489
10165	489
10168	489
10169	469
10172	469
10177	489
10178	468
10188	120
10189	420
10191	489
10193	489
10200	489
10201	420
10205	489
10209	489
10215	470
10218	489
10220	489
10221	489
10226	489
10228	219
10229	466
10231	420
10232	489
10233	489
10234	467
10248	469
10249	469
10252	468
10254	489
10259	467
10260	120
10261	489
10265	489
10266	469
10267	489
10270	420
10271	599
10271	471
10271	472
10274	489
10275	466
10287	470
10293	489
10295	489
10302	467
10306	467
10310	489
10312	466
10315	469
10316	467
10317	468
10329	489
10332	489
10338	489
10339	489
10340	467
10344	470
10348	467
10356	470
10364	469
10366	489
10369	489
10375	489
10376	489
10390	489
10393	469
10397	122
10400	489
10406	219
10416	489
10429	489
10433	469
10433	470
10434	489
10438	420
10440	489
10443	470
10444	489
10446	489
10447	489
10448	489
10449	467
10452	489
10456	489
10458	489
10463	354
10468	467
10474	489
10481	467
10483	489
10484	489
10485	466
10490	489
10499	489
10513	489
10521	489
10524	469
10528	420
10529	420
10530	120
10533	489
10544	489
10549	420
10551	466
10556	467
10557	489
10561	489
10563	471
10570	489
10573	489
10575	420
10582	489
10586	470
10591	467
10593	489
10594	489
10604	470
10608	489
10620	489
10621	489
10630	466
10633	466
10645	489
10649	489
10656	489
10657	489
10659	489
10663	489
10669	489
10673	489
10675	489
10678	467
10681	466
10688	470
10697	489
10698	489
10699	489
10702	219
10710	420
10711	489
10714	467
10722	489
10725	489
10727	489
10728	364
10731	420
10734	120
10735	489
10743	472
10743	219
10749	489
10750	489
10752	549
10755	467
10757	420
10759	489
10761	489
10764	489
10771	467
10777	467
10780	467
10786	489
10801	489
10809	489
10811	75
10812	489
10814	489
10815	489
10821	467
10823	489
10825	120
10826	489
10832	489
10834	163
10836	467
10838	489
10842	489
10844	319
10852	489
10860	420
10867	489
10871	469
10872	420
10878	489
10892	420
10894	489
10896	489
10910	489
10914	469
10920	411
10922	489
10923	420
10925	489
10926	489
10931	219
10938	489
10950	469
10951	489
10953	489
10957	489
10958	469
10961	470
10971	489
10976	467
10985	472
10987	470
10990	420
10996	420
10998	120
11013	489
11018	470
11026	489
11035	489
11044	420
11048	489
11049	489
11051	489
11055	489
11058	467
11059	467
11064	468
11065	489
11072	489
11073	466
11087	467
11091	467
11099	489
11101	489
11103	466
11105	470
11111	466
11118	468
11119	489
11120	467
11121	489
11132	468
11137	489
11139	489
11147	489
11150	467
11151	489
11153	473
11154	466
11157	469
11159	489
11164	420
11166	420
11169	467
11171	467
11181	489
11182	489
11184	489
11187	489
11191	489
11192	489
11199	467
11216	469
11218	420
11222	468
11226	467
11227	489
11231	489
11233	489
11239	420
11240	489
11241	470
11257	489
11265	489
11267	489
11269	420
11274	489
11290	489
11295	466
11308	489
11309	489
11313	489
11324	489
11329	470
11330	470
11338	420
11339	489
11348	489
11354	57
11356	488
11356	108
11362	489
11364	466
11369	489
11381	364
11382	489
11384	472
11387	489
11391	470
11394	489
11403	473
11405	470
11411	469
11413	489
11414	489
11415	489
11428	489
11435	489
11447	470
11454	467
11456	489
11462	489
11463	467
11465	489
11473	489
11479	220
11481	467
11484	489
11486	489
11490	489
11493	489
11494	420
11497	489
11499	489
11501	489
11502	468
11509	467
11513	489
11515	470
11518	469
11519	489
11524	420
11526	489
11529	420
11532	467
11536	489
11538	466
11541	470
11545	489
11546	377
11550	489
11554	489
11555	489
11561	470
11572	470
11575	489
11576	489
11587	489
11590	468
11596	469
11597	489
11598	467
11600	467
11601	420
11602	489
11606	489
11611	489
11613	489
11620	420
11622	489
11633	489
11634	467
11638	466
11640	489
11647	420
11648	470
11649	470
11652	489
11653	489
11659	489
11662	489
11667	489
11686	489
11687	489
11692	467
11700	468
11701	472
11705	489
11709	489
11712	489
11715	489
11716	489
11720	489
11725	489
11738	489
11754	470
11760	468
11768	469
11773	420
11775	468
11776	489
11783	470
11787	489
11788	468
11794	489
11796	489
11797	489
11798	420
11799	489
11802	469
11806	420
11807	468
11810	467
11824	470
11825	489
11833	489
11836	382
11843	489
11848	489
11855	489
11859	489
11861	470
11861	471
11861	472
11861	469
11870	489
11871	467
11872	489
11874	467
11884	489
11889	467
11890	489
11893	489
11894	489
11895	489
11899	489
11902	469
11904	470
11913	489
11922	489
11928	470
11929	489
11932	489
11934	420
11950	489
11955	467
11963	489
11964	489
11974	420
11979	420
11980	468
11998	489
12000	489
12003	311
12016	489
12023	467
12024	466
12029	489
12038	469
12040	470
12042	467
12047	469
12049	472
12057	467
12058	489
12067	489
12069	489
12075	467
12076	489
12081	489
12096	489
12101	489
12109	489
12110	489
12130	489
12132	489
12137	489
12146	489
12160	489
12161	420
12163	470
12166	420
12169	467
12175	489
12178	467
12179	489
12180	467
12183	489
12185	489
12200	489
12211	489
12233	489
12242	470
12244	489
12245	489
12261	489
12265	489
12267	467
12271	489
12273	489
12281	467
12283	489
12289	472
12295	489
12301	489
12319	469
12320	489
12330	489
12337	467
12338	489
12353	489
12362	420
12363	489
12364	466
12370	219
12373	420
12377	489
12378	489
12379	489
12384	467
12385	420
12395	489
12401	420
12404	489
12411	489
12412	489
12424	489
12432	489
12449	489
12450	489
12462	489
12465	489
12467	470
12469	467
12473	489
12477	489
12478	489
12486	420
12487	489
12492	489
12493	470
12494	489
12497	469
12499	489
12505	489
12506	420
12508	420
12509	469
12510	489
12511	467
12512	489
12513	489
12515	420
12516	489
12519	489
12523	489
12530	466
12531	489
12536	489
12542	489
12545	489
12556	466
12557	120
12558	489
12562	489
12566	489
12567	469
12582	468
12583	469
12583	470
12584	489
12599	489
12602	489
12603	489
12604	469
12607	469
12615	489
12616	489
12618	469
12625	489
12628	420
12629	467
12635	489
12636	489
12643	469
12647	489
12653	489
12660	470
12662	467
12668	467
12670	472
12676	489
12681	420
12683	489
12687	472
12688	489
12697	489
12699	489
12720	470
12737	489
12738	489
12740	489
12741	467
12754	411
12756	467
12767	489
12775	489
12776	467
12778	489
12785	246
12788	467
12796	489
12804	466
12806	489
12807	489
12809	489
12811	219
12812	420
12817	489
12820	260
12821	489
12825	468
12827	467
12837	466
12843	489
12847	489
12851	467
12856	420
12864	467
12869	472
12870	489
12883	489
12888	489
12890	489
12891	489
12893	489
12896	489
12900	489
12903	489
12914	467
12932	489
12933	489
12939	219
12940	489
12953	467
12958	467
12969	420
12970	466
12971	469
12976	470
12979	489
12995	469
12996	467
13006	420
13011	469
13021	489
13025	468
13035	489
13036	489
13038	467
13041	467
13044	489
13046	57
13048	57
13057	473
13064	470
13066	467
13068	467
13083	183
13085	489
13086	489
13093	489
13094	467
13095	489
13102	489
13116	467
13128	489
13141	489
13145	489
13152	489
13156	120
13166	467
13168	489
13170	420
13172	466
13174	489
13175	489
13176	466
13181	489
13186	469
13191	489
13199	120
13209	470
13223	467
13226	467
13238	120
13244	489
13251	468
13252	489
13257	420
13258	489
13259	420
13261	466
13268	469
13269	489
13279	489
13280	489
13281	420
13282	467
13284	489
13290	469
13296	489
13299	489
13309	467
13317	489
13320	489
13336	489
13339	489
13342	467
13349	420
13354	420
13356	467
13364	489
13369	489
13372	489
13378	489
13380	470
13381	489
13382	489
13394	467
13397	470
13404	489
13406	467
13407	489
13409	420
13412	489
13415	489
13421	470
13424	467
13429	489
13432	469
13434	489
13437	489
13441	489
13442	489
13444	470
13445	489
13446	489
13448	489
13454	489
13455	489
13457	469
13459	489
13463	489
13464	466
13467	489
13470	489
13473	469
13475	467
13476	467
13481	470
13482	470
13485	420
13490	489
13493	489
13498	489
13504	420
13515	468
13519	489
13520	466
13523	489
13527	472
13534	489
13538	489
13539	219
13542	420
13545	489
13546	489
13551	489
13552	489
13555	466
13559	489
13561	489
13562	489
13563	489
13565	472
13565	219
13565	225
13565	98
13565	232
13569	489
13577	420
13579	489
13583	489
13584	489
13595	489
13596	489
13597	420
13599	467
13601	467
13604	489
13605	489
13606	489
13607	489
13623	489
13625	489
13626	489
13636	489
13638	489
13641	467
13642	489
13646	489
13651	489
13652	489
13659	489
13661	478
13661	97
13666	489
13670	468
13674	489
13675	489
13676	420
13677	420
13683	469
13686	466
13687	489
13691	489
13692	489
13697	163
13699	489
13702	467
13705	467
13707	219
13710	489
13712	282
13718	489
13719	489
13721	489
13725	489
13732	489
13734	489
13735	489
13737	472
13741	489
13743	489
13746	420
13747	489
13751	489
13759	420
13761	489
13763	219
13763	350
13764	489
13767	489
13771	489
13777	489
13780	489
13781	468
13786	469
13797	489
13805	489
13810	420
13811	489
13820	420
13821	420
13822	467
13824	489
13825	420
13830	467
13831	420
13832	489
13839	420
13843	489
13849	489
13854	489
13857	469
13865	470
13867	489
13876	472
13877	470
13880	489
13893	489
13895	489
13896	469
13902	489
13909	489
13923	470
13925	489
13927	467
13929	489
13933	467
13935	467
13940	489
13941	489
13947	469
13955	489
13964	489
13967	489
13968	489
13969	489
13970	420
13971	467
13974	489
13976	489
13977	469
13986	467
13987	466
13989	489
13993	469
13996	470
14004	469
14005	468
14011	360
14018	489
14021	489
14022	489
14033	120
14035	489
14042	489
14047	489
14048	489
14054	489
14055	469
14055	470
14055	471
14055	84
14055	468
14057	489
14058	489
14059	466
14066	489
14075	489
14076	489
14080	489
14082	599
14082	471
14082	98
14083	489
14086	489
14101	470
14116	489
14117	467
14123	467
14127	489
14131	489
14134	489
14141	489
14143	489
14145	489
14146	468
14150	466
14157	420
14160	470
14161	489
14162	489
14165	467
14166	489
14167	467
14171	489
14179	489
14182	489
14183	489
14187	472
14201	489
14204	468
14210	420
14211	489
14213	467
14215	489
14224	470
14228	467
14232	489
14241	489
14245	489
14246	489
14259	420
14260	489
14261	469
14267	489
14269	489
14270	489
14277	420
14283	467
14286	489
14289	489
14305	489
14306	489
14309	467
14314	470
14315	489
14333	489
14342	420
14344	489
14346	420
14347	468
14349	489
14350	468
14358	489
14362	489
14365	489
14369	420
14370	489
14371	470
14378	489
14385	489
14388	420
14397	473
14401	489
14411	489
14414	489
14415	469
14426	489
14435	489
14440	219
14442	468
14445	467
14454	489
14455	467
14463	489
14464	420
14470	489
14473	489
14480	489
14485	468
14488	467
14489	489
14491	489
14500	489
14505	467
14507	420
14515	489
14517	489
14523	420
14527	467
14529	489
14534	489
14535	467
14536	489
14541	411
14542	467
14549	489
14551	466
14560	489
14561	489
14563	467
14574	420
14575	467
14578	489
14580	489
14583	467
14594	466
14616	466
14616	339
14616	212
14616	469
14616	470
14616	471
14620	489
14624	489
14625	489
14631	489
14639	489
14642	489
14648	466
14650	489
14655	489
14661	489
14662	420
14663	489
14664	489
14670	489
14671	489
14686	521
14692	420
14695	489
14696	489
14698	489
14700	489
14708	489
14714	489
14715	470
14716	489
14719	466
14732	489
14733	489
14738	470
14739	489
14741	489
14753	489
14755	489
14758	420
14771	219
14775	489
14779	489
14782	489
14788	472
14788	468
14788	220
14796	489
14799	489
14801	489
14802	469
14803	469
14808	219
14813	468
14817	467
14818	469
14819	420
14823	467
14825	489
14827	420
14829	489
14834	489
14838	489
14842	489
14847	420
14853	420
14868	489
14869	472
14874	466
14877	420
14881	489
14884	489
14887	469
14891	467
14903	489
14906	489
14907	489
14908	489
14911	489
14912	489
14913	489
14916	420
14918	489
14921	469
14922	489
14930	466
14934	420
14941	489
14946	489
14948	467
14949	466
14952	489
14955	470
14961	489
14968	420
14982	420
14995	489
15001	467
15002	420
15004	470
15009	466
15010	489
15012	470
15013	489
15019	489
15023	472
15028	489
15035	467
15042	489
15043	489
15051	489
15053	470
15055	469
15065	489
15070	184
15071	489
15080	489
15085	470
15095	420
15101	489
15102	489
15111	489
15115	489
15116	489
15119	489
15120	489
15124	489
15129	489
15130	489
15134	489
15138	470
15144	489
15146	489
15151	489
15156	489
15159	489
15161	489
15163	489
15173	489
15174	489
15178	489
15179	467
15182	489
15185	489
15189	467
15194	467
15195	489
15200	420
15203	470
15216	467
15222	489
15232	467
15233	420
15235	420
15243	467
15250	466
15253	489
15255	489
15264	220
15271	489
15275	489
15282	467
15286	470
15289	420
15296	420
15298	420
15307	467
15308	467
15310	489
15325	489
15328	467
15331	489
15334	489
15336	467
15338	489
15342	467
15346	489
15348	489
15351	470
15360	489
15362	489
15363	489
15367	469
15370	489
15374	470
15375	489
15381	467
15388	489
15390	473
15391	489
15395	489
15397	467
15410	489
15411	467
15419	472
15423	489
15429	467
15432	489
15433	489
15436	467
15437	420
15439	469
15446	489
15448	489
15449	489
15454	489
15455	489
15459	467
15472	489
15473	489
15475	489
15482	489
15490	466
15493	467
15497	489
15498	489
15505	489
15508	489
15512	470
15525	469
15530	489
15531	470
15533	420
15538	470
15541	120
15542	489
15544	466
15546	489
15548	420
15552	489
15553	420
15557	489
15562	489
15563	467
15568	489
15576	420
15577	466
15580	489
15584	467
15589	470
15590	489
15591	489
15593	420
15594	489
15600	467
15604	489
15607	489
15611	451
15612	489
15619	489
15620	489
15621	469
15626	489
15632	470
15638	467
15639	420
15653	469
15659	470
15667	489
15668	489
15686	467
15688	489
15692	467
15696	489
15699	489
15705	163
15707	489
15715	489
15720	315
15727	489
15728	489
15729	489
15733	489
15735	489
15737	467
15740	467
15741	467
15744	420
15749	489
15752	468
15755	467
15761	467
15764	489
15776	489
15778	489
15779	466
15786	489
15789	420
15797	469
15798	572
15806	489
15810	467
15812	473
15814	420
15816	489
15818	468
15821	467
15825	420
15828	489
15837	489
15838	489
15840	489
15842	489
15843	489
15846	489
15852	489
15859	467
15864	489
15869	354
15878	489
15885	489
15886	489
15892	420
15896	489
15897	489
15900	420
15902	473
15905	489
15920	489
15926	489
15929	489
15932	467
15933	489
15935	489
15947	469
15950	489
15954	470
15963	489
15968	489
15974	489
15977	467
15978	470
15979	469
15982	489
15983	489
15990	420
15995	489
15997	489
16000	100
16001	489
16004	470
16012	489
16018	489
16025	467
16027	489
16030	420
16036	467
16037	489
16040	489
16047	469
16070	489
16076	489
16080	489
16084	470
16087	489
16090	467
16104	489
16106	467
16107	489
16109	489
16110	469
16125	470
16126	489
16130	489
16131	467
16134	420
16140	467
16147	489
16148	489
16149	489
16152	489
16161	467
16163	489
16167	467
16169	489
16171	468
16178	489
16183	469
16186	467
16190	489
16191	489
16192	420
16194	489
16198	489
16209	489
16217	467
16219	489
16221	489
16229	489
16235	122
16238	489
16240	467
16242	467
16256	470
16257	469
16268	489
16270	489
16275	489
16277	470
16283	489
16286	489
16290	420
16293	489
16296	489
16298	489
16302	466
16308	468
16315	489
16319	469
16327	412
16330	489
16331	420
16332	469
16344	489
16352	411
16353	466
16354	469
16363	489
16364	489
16367	489
16373	466
16376	466
16377	98
16387	489
16388	489
16390	412
16403	489
16410	420
16415	489
16416	489
16420	489
16421	489
16422	467
16425	489
16427	489
16430	219
16432	489
16437	489
16438	473
16441	469
16448	403
16451	489
16453	489
16456	120
16461	489
16465	489
16466	469
16474	489
16482	489
16485	469
16487	489
16494	469
16497	489
16502	489
16506	420
16507	489
16510	489
16511	489
16512	489
16516	467
16519	489
16522	489
16523	469
16525	468
16530	467
16532	489
16539	489
16540	489
16545	489
16553	466
16559	489
16562	489
16570	489
16574	489
16581	467
16583	406
16597	489
16598	469
16600	470
16603	489
16604	467
16606	470
16607	489
16609	225
16619	420
16625	489
16628	467
16646	489
16647	470
16660	489
16663	469
16674	470
16678	467
16683	489
16686	489
16687	467
16688	420
16690	489
16694	489
16700	420
16704	420
16706	489
16708	467
16709	489
16711	489
16713	467
16717	489
16728	489
16734	489
16741	489
16742	489
16743	489
16750	468
16760	489
16768	489
16770	467
16773	489
16777	489
16778	319
16783	489
16785	489
16796	420
16802	489
16806	489
16807	489
16809	469
16810	489
16815	489
16819	467
16820	489
16822	489
16823	489
16826	469
16828	489
16831	489
16832	467
16834	489
16835	489
16836	420
16837	489
16842	489
16843	472
16847	466
16859	489
16867	489
16873	489
16878	311
16885	489
16891	489
16894	489
16897	489
16899	470
16909	470
16912	467
16913	489
16927	489
16937	420
16945	467
16949	467
16958	467
16959	467
16962	470
16968	489
16969	489
16973	489
16974	469
16975	469
16982	468
16988	489
16989	489
16993	467
16994	489
16999	489
17003	469
17005	467
17007	489
17009	489
17015	489
17019	489
17024	420
17031	489
17035	489
17053	489
17057	489
17060	219
17067	411
17076	219
17081	470
17087	489
17094	420
17105	472
17116	120
17123	489
17127	489
17131	489
17134	470
17135	470
17142	420
17149	227
17149	488
17157	467
17173	469
17174	163
17178	489
17182	469
17189	489
17195	489
17199	489
17204	489
17207	489
17215	467
17229	470
17245	467
17246	489
17254	472
17255	468
17257	469
17260	420
17261	489
17262	489
17265	489
17272	489
17279	420
17287	489
17289	489
17296	489
17302	489
17304	489
17306	470
17310	420
17313	489
17317	420
17318	467
17319	470
17333	489
17338	489
17343	219
17351	489
17354	489
17364	420
17370	489
17371	100
17373	489
17374	467
17386	467
17395	489
17397	489
17401	489
17403	489
17407	489
17411	473
17414	489
17419	473
17422	467
17437	120
17438	467
17439	489
17440	470
17445	420
17450	469
17454	489
17462	489
17466	469
17468	467
17469	420
17480	467
17484	489
17485	489
17486	420
17512	489
17517	489
17522	467
17527	467
17531	469
17533	472
17536	489
17544	489
17548	467
17556	420
17560	467
17562	420
17563	120
17565	467
17574	467
17575	489
17576	489
17577	420
17584	470
17585	489
17587	489
17588	489
17592	489
17593	489
17599	489
17603	420
17607	470
17618	489
17622	489
17635	420
17637	489
17640	489
17642	467
17652	472
17674	489
17678	469
17679	469
17689	489
17690	489
17701	469
17704	489
17705	489
17712	467
17714	467
17717	411
17721	468
17728	467
17730	489
17736	489
17749	489
17753	489
17764	489
17765	489
17767	420
17776	489
17785	469
17786	420
17792	489
17802	467
17805	489
17806	489
17814	489
17815	489
17817	489
17831	467
17832	467
17833	489
17838	469
17839	489
17843	120
17868	489
17871	489
17886	489
17888	489
17916	489
17917	219
17920	470
17931	470
17935	470
17939	466
17960	489
17964	420
17965	489
17968	489
17969	467
17971	489
17983	489
17985	489
17990	468
17992	489
17995	489
18001	489
18006	467
18007	219
18009	467
18012	467
18013	467
18017	489
18020	472
18023	469
18025	420
18032	469
18033	472
18044	489
18046	489
18055	489
18058	469
18064	420
18066	489
18068	489
18071	489
18073	489
18074	489
18078	489
18082	467
18088	467
18092	468
18094	466
18097	420
18098	467
18101	467
18102	468
18111	470
18115	420
18119	489
18123	467
18125	489
18132	489
18136	489
18139	489
18147	420
18151	489
18153	489
18157	489
18164	489
18167	489
18168	489
18184	489
18186	470
18200	489
18205	489
18207	467
18211	489
18217	489
18225	420
18233	469
18240	467
18241	467
18247	467
18257	466
18258	420
18261	467
18262	489
18266	468
18268	489
18278	489
18279	489
18282	467
18285	489
18286	489
18289	489
18290	467
18298	467
18299	489
18315	489
18326	489
18331	420
18332	420
18335	489
18347	489
18354	467
18357	467
18362	420
18366	489
18367	467
18372	489
18378	411
18380	489
18396	489
18404	467
18408	489
18410	489
18415	489
18421	377
18427	489
18428	489
18430	489
18437	376
18439	420
18440	467
18441	469
18443	489
18452	466
18453	469
18458	472
18467	467
18473	489
18475	489
18482	467
18488	489
18494	489
18495	466
18497	489
18499	472
18500	470
18512	489
18515	467
18520	489
18521	467
18537	489
18539	489
18541	489
18546	489
18556	489
18557	467
18559	183
18561	467
18567	467
18573	472
18595	466
18599	467
18602	469
18603	469
18607	489
18620	489
18627	467
18632	470
18640	470
18642	489
18646	489
18649	489
18655	489
18661	489
18665	489
18675	489
18681	467
18683	489
18692	120
18694	467
18717	467
18720	489
18721	489
18727	489
18734	489
18736	470
18737	489
18738	382
18738	402
18738	405
18738	408
18738	409
18738	411
18738	415
18738	420
18739	489
18740	420
18741	489
18742	489
18744	411
18745	489
18750	467
18753	489
18762	489
18765	467
18770	489
18775	489
18779	467
18780	467
18789	467
18791	469
18793	489
18804	489
18809	467
18815	472
18820	489
18834	420
18837	489
18838	489
18842	467
18851	469
18870	489
18877	470
18880	467
18888	489
18898	467
18899	469
18903	420
18906	473
18914	467
18933	489
18941	489
18944	489
18945	469
18949	420
18952	489
18953	467
18964	470
18967	489
18970	120
18972	489
18973	469
18974	489
18976	468
18979	489
18982	489
18983	489
18984	467
18990	420
19008	467
19009	489
19020	472
19021	489
19030	467
19034	489
19040	467
19043	489
19048	489
19052	420
19053	489
19055	470
19057	489
19062	489
19063	466
19067	489
19073	467
19074	120
19077	470
19078	489
19079	489
19085	472
19093	489
19096	489
19106	489
19111	489
19125	467
19126	420
19127	420
19128	489
19129	420
19130	489
19131	489
19133	489
19135	489
19137	489
19138	489
19146	489
19150	489
19152	467
19156	467
19159	489
19164	420
19166	470
19169	420
19170	489
19176	489
19179	467
19180	489
19203	472
19206	489
19215	489
19218	466
19227	420
19229	489
19230	183
19234	489
19235	489
19247	467
19251	467
19254	489
19255	467
19260	469
19266	467
19268	219
19270	469
19275	100
19276	489
19278	467
19280	489
19284	489
19294	467
19296	489
19298	489
19308	489
19310	489
19318	420
19320	467
19337	489
19343	489
19345	467
19349	467
19350	489
19355	420
19373	489
19385	489
19389	489
19390	489
19392	489
19400	489
19401	489
19402	489
19416	489
19424	469
19426	489
19432	467
19435	467
19443	489
19447	411
19449	489
19451	489
19452	122
19458	489
19471	420
19472	489
19479	489
19490	489
19498	489
19500	467
19501	489
19503	190
19510	469
19514	489
19515	489
19518	489
19520	489
19526	466
19527	489
19531	489
19532	489
19545	489
19546	467
19551	489
19553	489
19555	420
19559	467
19561	489
19568	489
19571	489
19573	219
19577	489
19599	489
19601	489
19604	420
19605	382
19607	489
19608	470
19617	420
19622	489
19625	489
19628	489
19634	470
19636	420
19640	489
19641	467
19645	489
19657	315
19658	467
19661	467
19662	470
19666	489
19675	489
19683	420
19687	489
19691	489
19702	470
19703	58
19706	120
19711	466
19715	467
19717	489
19718	489
19722	489
19723	489
19730	219
19731	120
19733	489
19744	489
19745	471
19752	469
19763	420
19767	489
19768	420
19775	489
19777	489
19781	467
19787	467
19789	489
19790	489
19796	489
19802	246
19811	489
19821	420
19827	469
19829	489
19837	220
19841	489
19843	489
19848	467
19848	468
19850	466
19854	467
19855	470
19859	489
19860	489
19866	467
19868	470
19872	489
19873	489
19876	420
19877	489
19880	489
19881	489
19883	489
19888	489
19891	489
19897	489
19899	467
19915	472
19916	467
19917	219
19922	489
19923	467
19928	489
19931	489
19948	489
19949	489
19967	489
19972	489
19975	467
19976	489
19980	469
19991	489
20008	489
20010	489
20011	489
20015	489
20021	470
20022	469
20023	489
20026	489
20027	470
20038	468
20047	470
20051	489
20055	382
20060	467
20069	470
20072	469
20075	489
20078	467
20089	489
20090	489
20092	489
20095	470
20102	489
20103	489
20106	469
20110	420
20121	489
20122	489
20126	420
20137	489
20140	470
20140	471
20140	472
20141	489
20143	489
20154	489
20156	468
20157	469
20158	469
20166	489
20167	466
20169	467
20172	489
20176	489
20181	489
20183	472
20185	468
20186	467
20187	489
20191	469
20195	489
20206	489
20212	489
20216	472
20218	489
20224	489
20226	489
20229	489
20230	467
20232	489
20233	466
20235	467
20241	469
20252	489
20255	489
20259	467
20262	219
20273	467
20274	489
20279	470
20284	489
20287	470
20292	467
20300	470
20324	470
20333	489
20335	489
20337	120
20338	468
20339	468
20341	489
20343	489
20344	489
20350	489
20351	489
20360	489
20362	489
20364	469
20368	420
20369	467
20378	489
20381	467
20392	467
20394	489
20399	467
20401	467
20404	466
20409	469
20414	468
20420	467
20422	467
20425	467
20428	467
20439	469
20447	466
20449	469
20450	219
20454	470
20460	470
20466	470
20470	469
20484	472
20485	420
20487	382
20490	467
20493	467
20494	466
20496	467
20500	467
20517	412
20522	469
20532	468
20544	467
20547	469
20549	466
20553	467
20556	467
20557	382
20558	467
20563	469
20567	470
20571	467
20578	469
20579	122
20580	420
20586	467
20589	469
20591	468
20592	469
20595	467
20609	469
20611	470
20612	467
20616	470
20624	469
20625	467
20626	470
20627	467
20632	470
20637	472
20645	466
20657	470
20658	467
20661	467
20664	467
20675	467
20677	468
20680	468
20684	420
20692	468
20701	466
20702	469
20705	467
20714	468
20716	466
20724	469
20728	467
20730	468
20732	489
20754	468
20756	472
20759	467
20763	467
20768	467
20770	120
20775	467
20788	489
20793	470
20794	470
20803	467
20808	466
20809	489
20813	420
20816	467
20818	466
20827	489
20833	489
20836	467
20837	220
20841	467
20843	467
20855	466
20859	466
20866	467
20874	467
20877	468
20878	489
20882	420
20883	466
20889	467
20893	468
20909	467
20915	467
20931	470
20938	467
20943	469
20944	489
20962	489
20965	468
20966	466
20968	120
20976	466
20978	467
20979	466
20985	467
21000	489
21008	467
21010	467
21013	467
21017	468
21019	467
21020	468
21022	467
21024	467
21030	467
21031	420
21034	467
21035	468
21039	467
21041	467
21056	466
21058	466
21059	468
21063	470
21070	470
21071	466
21084	468
21101	467
21103	470
21111	468
21121	467
21124	411
21125	466
21129	467
21169	466
21176	467
21179	466
21180	467
21181	466
21195	489
21198	466
21212	466
21217	489
21218	467
21222	466
21223	420
21237	489
21246	467
21249	489
21250	489
21253	219
21255	489
21256	382
21263	489
21264	467
21268	469
21276	467
21278	420
21306	469
21313	467
21316	469
21318	466
21328	489
21349	466
21365	470
21383	489
21389	467
21401	470
21418	467
21419	466
21420	466
21422	467
21423	468
21429	469
21443	467
21451	467
21454	489
21460	467
21464	489
21465	467
21479	466
21483	470
21494	468
21498	467
21501	467
21512	467
21516	468
21523	467
21526	489
21527	420
21542	489
21545	489
21546	420
21551	467
21570	466
21592	467
21593	467
21599	489
21600	420
21602	420
21615	489
21619	219
21623	467
21634	467
21635	467
21636	470
21639	466
21640	470
21642	420
21655	468
21662	489
21670	470
21672	466
21678	467
21685	420
21688	420
21690	467
21692	467
21693	469
21699	489
21706	467
21707	489
21715	220
21722	420
21731	467
21732	120
21740	468
21754	467
21766	467
21793	468
21814	467
21820	466
21822	466
21824	489
21835	420
21841	420
21849	466
21851	466
21852	489
21854	467
21865	468
21866	420
21872	467
21873	466
21877	472
21878	489
21882	489
21891	489
21892	420
21894	467
21896	489
21905	467
21909	467
21925	467
21929	420
21931	467
21934	466
21937	489
21962	469
21970	468
21972	489
21976	470
21977	467
21979	467
21984	182
22008	468
22010	489
22024	467
22026	467
22035	466
22044	420
22051	467
22061	467
22063	420
22065	489
22071	467
22102	467
22104	467
22105	420
22118	467
22125	467
22134	467
22137	489
22148	466
22154	468
22158	489
22163	467
22174	420
22189	466
22200	468
22214	489
22219	489
22222	466
22225	420
22233	467
22234	420
22242	470
22247	466
22248	220
22255	467
22262	467
22263	489
22269	467
22270	470
22272	467
22295	466
22300	467
22301	467
22313	468
22315	489
22319	489
22329	467
22337	489
22344	489
22345	470
22346	489
22349	470
22356	467
22357	489
22360	468
22364	489
22368	467
22380	489
22383	470
22384	219
22391	470
22392	420
22409	467
22416	467
22418	489
22423	420
22425	468
22433	420
22437	489
22461	219
22467	420
22470	489
22474	467
22485	467
22494	219
22503	489
22510	467
22530	467
22534	468
22535	489
22548	420
22554	420
22557	467
22563	489
22564	471
22572	467
22577	420
22602	489
22606	420
22612	467
22618	489
22627	472
22630	467
22638	467
22646	489
22659	489
22662	468
22668	467
22670	466
22671	489
22674	467
22676	467
22680	420
22692	467
22693	489
22694	489
22705	467
22714	466
22715	420
22719	467
22721	470
22723	467
22724	467
22727	468
22731	467
22735	468
22753	467
22754	467
22758	489
22768	420
22777	489
22779	467
22781	420
22783	420
22791	489
22794	420
22815	468
22830	489
22836	468
22837	489
22844	467
22849	467
22853	489
22856	470
22858	420
22859	489
22863	467
22864	467
22868	466
22881	468
22902	489
22916	420
22924	467
22926	489
22928	468
22938	467
22953	489
22984	420
22996	470
23009	468
23012	466
23014	489
23023	467
23024	489
23033	468
23037	466
23048	467
23049	420
23058	466
23061	467
23063	467
23070	489
23076	467
23111	466
23112	489
23113	467
23114	489
23119	468
23121	489
23128	467
23129	489
23135	420
23138	489
23140	489
23141	489
23148	489
23153	219
23157	489
23168	219
23170	472
23176	420
23181	468
23191	489
23205	489
23218	190
23233	467
23235	489
23237	489
23239	489
23241	489
23245	467
23246	467
23249	489
23260	443
23268	489
23273	489
23274	468
23279	489
23281	468
23292	468
23302	489
23304	489
23305	489
23308	489
23319	489
23322	467
23327	420
23331	489
23344	467
23348	468
23349	489
23353	420
23355	489
23366	420
23369	489
23370	489
23375	489
23380	163
23381	489
23389	489
23401	420
23418	489
23420	489
23422	420
23435	489
23437	489
23440	467
23441	467
23442	468
23443	489
23450	489
23456	489
23458	420
23464	489
23466	219
23473	489
23474	489
23481	489
23486	469
23516	489
23519	469
23521	466
23528	489
23534	489
23549	467
23551	472
23561	489
23566	489
23573	489
23575	489
23576	489
23587	489
23591	420
23594	467
23598	183
23599	467
23609	469
23610	489
23612	489
23614	120
23616	420
23625	489
23629	489
23631	489
23640	467
23661	489
23668	120
23673	489
23675	489
23681	489
23690	467
23704	468
23708	489
23710	467
23723	489
23737	467
23739	489
23743	467
23745	489
23747	489
23754	489
23755	468
23756	489
23794	489
23804	489
23806	468
23814	468
23824	470
23838	469
23842	420
23845	489
23846	466
23856	489
23863	420
23879	467
23884	489
23885	489
23887	467
23888	489
23894	466
23901	468
23902	489
23919	489
23929	467
23933	420
23946	489
23960	420
23966	420
23967	420
23977	467
23981	420
23982	489
23984	420
23994	420
24005	489
24012	33
24021	489
24029	467
24034	489
24045	489
24050	467
24055	470
24061	467
24075	489
24079	489
24083	489
24100	489
24109	467
24114	489
24122	318
24130	489
24135	467
24140	489
24143	420
24146	466
24151	467
24173	420
24177	469
24189	489
24205	489
24206	489
24209	489
24211	489
24213	489
24215	489
24220	489
24225	467
24227	467
24230	489
24234	489
24258	489
24263	467
24267	489
24273	489
24275	467
24282	466
24283	489
24292	489
24301	467
24311	468
24317	489
24324	489
24326	420
24334	468
24335	489
24344	163
24350	489
24352	468
24353	489
24360	489
24366	420
24369	420
24372	489
24385	466
24393	420
24397	489
24407	489
24413	489
24415	469
24420	489
24421	489
24427	467
24430	489
24436	470
24438	420
24444	489
24447	489
24448	467
24449	467
24456	489
24461	489
24462	489
24464	469
24473	467
24477	489
24494	489
24496	489
24502	489
24506	468
24511	420
24519	489
24520	467
24529	420
24531	489
24540	489
24543	420
24550	489
24551	469
24567	468
24594	489
24603	467
24605	420
24610	470
24618	489
24632	420
24636	489
24637	467
24646	420
24655	467
24657	489
24660	420
24662	489
24663	489
24664	489
24665	183
24680	489
24683	420
24690	489
24694	489
24700	420
24708	489
24710	489
24723	489
24737	489
24743	489
24747	468
24755	411
24760	467
24764	489
24768	489
24774	469
24796	411
24801	467
24802	489
24807	467
24812	467
24813	489
24817	489
24822	468
24830	467
24834	468
24835	489
24836	467
24838	489
24839	467
24849	489
24851	529
24866	489
24881	489
24882	489
24883	467
24895	420
24903	420
24904	489
24914	467
24916	467
24942	466
24944	489
24950	489
24955	489
24958	489
24959	489
24964	420
24965	467
24976	470
24981	420
24983	420
24988	489
24992	489
24997	468
25002	469
25020	420
25027	489
25028	420
25039	467
25049	489
25058	466
25062	467
25072	467
25084	467
25090	467
25098	470
25101	467
25103	467
25105	489
25111	469
25115	467
25117	489
25131	489
25143	467
25145	489
25151	489
25159	489
25160	489
25161	420
25162	489
25164	489
25170	489
25184	489
25187	467
25188	489
25193	467
25199	467
25201	420
25202	489
25208	489
25215	489
25218	420
25224	467
25226	469
25228	466
25231	489
25237	468
25239	489
25244	489
25252	219
25260	469
25272	420
25274	420
25278	489
25283	489
25286	489
25289	467
25300	489
25301	489
25307	489
25317	467
25323	489
25337	489
25351	420
25367	420
25370	489
25371	489
25372	489
25375	489
25386	489
25387	489
25390	467
25410	467
25419	467
25436	489
25441	467
25457	468
25461	420
25482	420
25484	468
25487	420
25491	420
25499	489
25502	466
25510	467
25511	489
25518	467
25545	466
25550	319
25555	489
25556	420
25578	466
25579	470
25582	469
25589	489
25591	467
25592	420
25597	489
25598	489
25603	469
25607	467
25611	466
25612	489
25613	489
25625	489
25628	489
25632	469
25648	420
25659	467
25661	489
25670	467
25677	326
25679	468
25684	473
25694	163
25699	469
25705	489
25708	420
25712	489
25715	489
25720	489
25725	489
25728	489
25732	489
25736	489
25750	467
25754	470
25758	467
25762	489
25766	420
25771	219
25774	467
25775	467
25776	470
25789	489
25791	489
25796	489
25797	469
25805	467
25815	489
25822	469
25843	420
25845	489
25846	489
25847	489
25849	489
25854	489
25858	420
25865	489
25866	489
25870	489
25873	489
25882	489
25894	489
25903	489
25906	489
25911	489
25915	489
25916	420
25923	489
25925	489
25929	489
25930	470
25937	489
25938	467
25940	467
25945	467
25951	489
25958	467
25965	489
25980	470
25981	467
25986	489
25992	420
25994	420
25997	489
25998	489
26002	489
26006	489
26011	489
26023	469
26045	489
26047	489
26054	489
26055	420
26059	489
26072	489
26074	489
26076	489
26077	489
26086	489
26092	489
26093	489
26098	420
26102	467
26110	470
26112	489
26121	489
26122	420
26125	467
26126	489
26130	489
26131	489
26132	489
26135	489
26143	468
26147	420
26153	489
26154	420
26165	489
26172	489
26177	489
26182	489
26185	489
26191	489
26192	489
26193	489
26194	420
26204	468
26209	489
26217	469
26228	489
26229	489
26238	472
26239	489
26244	467
26251	467
26257	420
26263	468
26264	467
26276	489
26279	489
26282	299
26283	489
26302	489
26311	489
26331	489
26332	489
26342	489
26346	489
26347	489
26351	489
26352	469
26356	489
26363	489
26365	489
26368	420
26375	466
26386	467
26393	467
26397	467
26405	489
26411	489
26412	467
26431	489
26439	467
26441	467
26445	467
26448	489
26455	420
26466	467
26472	469
26474	489
26475	489
26477	467
26483	467
26484	489
26502	489
26503	470
26516	469
26518	489
26528	489
26529	467
26530	489
26532	420
26540	489
26542	468
26544	489
26562	489
26563	469
26566	489
26569	489
26570	468
26577	489
26581	489
26589	489
26596	467
26602	489
26611	163
26642	467
26648	420
26652	467
26666	469
26674	489
26682	467
26689	489
26692	469
26696	489
26704	420
26708	489
26717	489
26722	489
26724	467
26728	489
26737	489
26740	470
26742	489
26748	467
26758	489
26782	467
26784	467
26786	489
26793	489
26795	489
26801	489
26817	489
26822	489
26830	489
26835	489
26841	489
26853	489
26859	489
26866	420
26871	467
26873	469
26878	470
26881	489
26883	467
26884	489
26892	489
26902	468
26907	468
26910	489
26911	420
26917	489
26918	467
26920	489
26926	489
26934	467
26935	489
26943	489
26950	489
26958	489
26964	489
26965	489
26966	489
26967	489
26970	489
26972	489
26976	219
26984	468
26994	467
27001	489
27003	489
27012	489
27018	489
27021	489
27026	466
27038	489
27042	489
27044	489
27045	420
27047	470
27066	489
27069	489
27072	489
27073	489
27078	467
27087	489
27098	489
27099	489
27111	489
27113	489
27116	420
27119	489
27122	489
27126	420
27133	469
27141	489
27145	489
27152	489
27156	489
27159	489
27167	420
27169	489
27171	489
27172	467
27173	489
27175	489
27176	489
27178	489
27179	489
27180	489
27182	489
27183	467
27185	489
27195	489
27199	467
27209	489
27210	467
27213	489
27214	489
27217	489
27225	489
27229	489
27231	469
27237	489
27238	489
27241	489
27251	420
27254	489
27262	489
27273	489
27285	489
27290	489
27293	467
27295	489
27301	489
27307	489
27308	467
27311	469
27312	489
27314	489
27317	489
27321	467
27322	489
27324	489
27329	489
27332	489
27333	420
27336	467
27347	489
27351	489
27360	489
27364	489
27369	489
27373	469
27376	489
27378	489
27379	489
27394	489
27400	469
27401	489
27406	489
27407	489
27415	489
27419	420
27434	489
27435	469
27446	489
27457	489
27458	467
27461	489
27467	489
27468	489
27473	489
27474	489
27479	467
27486	466
27487	489
27500	489
27501	489
27511	489
27512	467
27513	489
27533	469
27552	489
27557	489
27558	489
27559	467
27563	489
27579	466
27597	420
27601	468
27604	420
27611	489
27612	420
27615	489
27619	469
27623	489
27629	489
27633	467
27642	489
27651	489
27652	489
27657	420
27658	469
27662	489
27667	469
27668	420
27669	489
27671	466
27680	489
27682	467
27687	489
27688	489
27694	489
27699	489
27700	489
27711	489
27720	467
27725	489
27731	489
27732	466
27733	489
27776	489
27779	489
27781	467
27783	489
27787	489
27815	489
27821	489
27822	489
27827	469
27828	467
27829	489
27833	489
27835	467
27837	489
27839	489
27843	468
27846	467
27849	489
27854	489
27860	489
27878	489
27884	472
27888	420
27890	489
27898	299
27905	467
27932	489
27934	468
27936	489
27943	489
27955	489
27962	489
27968	489
27969	489
27989	489
27993	489
28001	489
28010	489
28015	489
28027	411
28031	489
28047	420
28052	489
28057	489
28058	489
28060	489
28076	489
28086	420
28089	489
28091	489
28099	420
28108	489
28113	489
28120	489
28124	468
28128	489
28129	489
28144	420
28146	489
28159	467
28162	489
28166	489
28169	469
28173	489
28174	489
28176	467
28186	489
28187	468
28190	489
28194	489
28196	420
28198	467
28200	489
28204	467
28217	489
28222	489
28230	467
28243	489
28244	489
28245	489
28253	469
28258	489
28272	489
28277	489
28284	489
28285	489
28287	489
28288	469
28289	468
28297	489
28298	489
28299	489
28300	489
28305	489
28314	420
28318	469
28320	489
28321	489
28331	489
28332	489
28334	467
28335	489
28339	489
28342	489
28362	420
28368	489
28374	489
28380	467
28393	469
28394	470
28400	420
28410	489
28411	467
28413	467
28415	489
28417	489
28419	489
28422	420
28427	489
28429	489
28432	489
28440	489
28449	489
28469	420
28476	466
28484	489
28494	489
28498	489
28505	489
28509	489
28511	467
28513	489
28527	489
28535	489
28539	489
28544	467
28556	489
28561	467
28563	489
28579	489
28581	489
28586	489
28597	489
28600	489
28601	489
28603	489
28614	469
28615	467
28621	489
28624	469
28628	420
28631	489
28636	489
28639	489
28643	489
28644	470
28653	420
28654	489
28658	489
28663	489
28676	489
28678	489
28680	489
28681	489
28682	489
28688	489
28701	489
28702	489
28706	468
28715	489
28717	477
28725	219
28734	489
28737	489
28738	489
28740	489
28745	470
28757	489
28764	466
28778	489
28786	489
28793	489
28804	489
28813	489
28818	489
28825	489
28831	472
28831	219
28833	489
28850	489
28862	489
28864	489
28866	489
28886	469
28891	489
28895	489
28905	420
28906	489
28912	469
28913	489
28915	489
28916	489
28918	489
28919	489
28921	489
28922	489
28927	489
28932	489
28938	489
28940	489
28945	489
28947	489
28952	489
28961	489
28968	469
28977	467
28979	420
28981	489
28982	489
28986	489
29003	489
29006	489
29013	466
29015	489
29027	489
29031	489
29034	469
29036	489
29039	489
29047	489
29057	420
29061	489
29062	420
29071	489
29077	489
29079	489
29085	489
29092	489
29101	489
29103	489
29117	489
29121	489
29123	420
29132	489
29133	489
29135	489
29138	489
29140	489
29144	489
29146	489
29148	489
29163	489
29164	489
29171	489
29176	469
29177	489
29180	489
29189	489
29192	489
29201	489
29204	489
29211	469
29217	420
29223	489
29227	489
29229	489
29233	489
29243	489
29244	489
29246	489
29253	489
29260	420
29274	489
29278	469
29283	489
29290	489
29291	467
29315	489
29319	489
29324	489
29332	469
29340	470
29352	489
29355	489
29359	469
29370	489
29371	489
29375	489
29378	489
29379	489
29381	489
29390	489
29407	469
29408	489
29410	489
29412	489
29415	467
29416	467
29417	489
29422	467
29424	489
29428	489
29432	470
29436	489
29441	489
29442	489
29445	489
29447	489
29450	465
29450	339
29450	606
29458	489
29459	489
29461	489
29464	489
29465	489
29466	489
29469	489
29474	469
29476	489
29487	489
29494	489
29495	489
29496	470
29499	489
29506	489
29508	489
29515	489
29521	489
29529	489
29530	489
29540	489
29541	382
29547	489
29556	467
29560	467
29565	489
29566	489
29571	489
29578	489
29582	420
29585	489
29587	489
29592	489
29593	489
29601	489
29605	489
29608	489
29617	489
29619	469
29622	489
